# created with createXSecTable.py
  50 376900.0
 100 53312.0
 150 15711.0
 200 6380.4
 250 3108.3
 300 1696.9
 350 1008.8
 400 636.3
 450 422.07
 500 289.7
 550 205.3
 600 148.79
 650 110.42
 700 83.264
 750 63.771
 800 49.462
 850 38.956
 900 30.988
 950 24.808
1000 20.033
1050 16.33
1100 13.375
1150 11.037
1200 9.1335
1250 7.624
1300 6.3776
1350 5.3676
1400 4.5272
1450 3.8356
1500 3.2572
1550 2.7761
1600 2.3743
1650 2.0383
1700 1.7477
1750 1.5097
1800 1.3004
1850 1.1242
1900 0.9739
1950 0.84285
2000 0.73469
2050 0.63714
2100 0.55587
2150 0.48507
2200 0.42348
2250 0.37101
2300 0.32452
2350 0.2847
2400 0.24959
2450 0.21892
2500 0.1919
2550 0.16876
2600 0.14873
2650 0.13041
2700 0.11496
2750 0.10151
2800 0.089093
2850 0.078963
2900 0.069416
2950 0.061268
3000 0.053996
